时间t	称重电压
0.0000	0.00013411
0.1111	0.00013418
0.2222	0.00013410
0.3333	0.00013415
0.4444	0.00013415
0.5556	0.00013412
0.6667	0.00013417
0.7778	0.00013402
0.8889	0.00013407
1.0000	0.00013413
1.1111	0.00013416
1.2222	0.00013415
1.3333	0.00013416
1.4444	0.00013404
1.5556	0.00013416
1.6667	0.00013426
1.7778	0.00013414
1.8889	0.00013417
2.0000	0.00013409
2.1111	0.00013413
2.2222	0.00013413
2.3333	0.00013406
2.4444	0.00013417
2.5556	0.00013410
2.6667	0.00013398
2.7778	0.00013413
2.8889	0.00013403
3.0000	0.00013413
3.1111	0.00013420
3.2222	0.00013413
3.3333	0.00013403
3.4444	0.00013411
3.5556	0.00013402
3.6667	0.00013414
3.7778	0.00013412
3.8889	0.00013407
4.0000	0.00013398
4.1111	0.00013418
4.2222	0.00013416
4.3333	0.00013415
4.4444	0.00013424
4.5556	0.00013411
4.6667	0.00013407
4.7778	0.00013406
4.8889	0.00013413
5.0000	0.00013415
5.1111	0.00013409
5.2222	0.00013417
5.3333	0.00013406
5.4444	0.00013417
5.5556	0.00013417
5.6667	0.00013413
5.7778	0.00013417
5.8889	0.00013424
6.0000	0.00013419
6.1111	0.00013410
6.2222	0.00013416
6.3333	0.00013411
6.4444	0.00013413
6.5556	0.00013416
6.6667	0.00013412
6.7778	0.00013412
6.8889	0.00013411
7.0000	0.00013419
7.1111	0.00013407
7.2222	0.00013413
7.3333	0.00013409
7.4444	0.00013408
7.5556	0.00013410
7.6667	0.00013423
7.7778	0.00013418
7.8889	0.00013407
8.0000	0.00013427
8.1111	0.00013398
8.2222	0.00013411
8.3333	0.00013408
8.4444	0.00013410
8.5556	0.00013412
8.6667	0.00013413
8.7778	0.00013420
8.8889	0.00013411
9.0000	0.00013401
9.1111	0.00013418
9.2222	0.00013410
9.3333	0.00013406
9.4444	0.00013405
9.5556	0.00013412
9.6667	0.00013411
9.7778	0.00013405
9.8889	0.00013411
10.0000	0.00013405
10.1111	0.00013417
10.2222	0.00013410
10.3333	0.00013409
10.4444	0.00013417
10.5556	0.00013414
10.6667	0.00013419
10.7778	0.00013409
10.8889	0.00013418
11.0000	0.00013414
11.1111	0.00013411
11.2222	0.00013408
11.3333	0.00013417
11.4444	0.00013408
11.5556	0.00013409
11.6667	0.00013420
11.7778	0.00013399
11.8889	0.00013411
12.0000	0.00013415
12.1111	0.00013411
12.2222	0.00013413
12.3333	0.00013412
12.4444	0.00013409
12.5556	0.00013417
12.6667	0.00013405
12.7778	0.00013406
12.8889	0.00013418
13.0000	0.00013414
13.1111	0.00013421
13.2222	0.00013421
13.3333	0.00013410
13.4444	0.00013413
13.5556	0.00013413
13.6667	0.00013426
13.7778	0.00013413
13.8889	0.00013417
14.0000	0.00013417
14.1111	0.00013416
14.2222	0.00013410
14.3333	0.00013411
14.4444	0.00013423
14.5556	0.00013408
14.6667	0.00013420
14.7778	0.00013416
14.8889	0.00013415
15.0000	0.00013417
15.1111	0.00013415
15.2222	0.00013413
15.3333	0.00013414
15.4444	0.00013402
15.5556	0.00013410
15.6667	0.00013413
15.7778	0.00013416
15.8889	0.00013414
16.0000	0.00013416
16.1111	0.00013423
16.2222	0.00013419
16.3333	0.00013404
16.4444	0.00013419
16.5556	0.00013414
16.6667	0.00013413
16.7778	0.00013413
16.8889	0.00013413
17.0000	0.00013408
17.1111	0.00013414
17.2222	0.00013420
17.3333	0.00013419
17.4444	0.00013413
17.5556	0.00013415
17.6667	0.00013415
17.7778	0.00013415
17.8889	0.00013414
18.0000	0.00013407
18.1111	0.00013406
18.2222	0.00013421
18.3333	0.00013406
18.4444	0.00013411
18.5556	0.00013414
18.6667	0.00013416
18.7778	0.00013414
18.8889	0.00013413
19.0000	0.00013416
19.1111	0.00013413
19.2222	0.00013420
19.3333	0.00013409
19.4444	0.00013413
19.5556	0.00013418
19.6667	0.00013413
19.7778	0.00013414
19.8889	0.00013413
20.0000	0.00013419
20.1111	0.00013417
20.2222	0.00013406
20.3333	0.00013414
20.4444	0.00013421
20.5556	0.00013401
20.6667	0.00013416
20.7778	0.00013418
20.8889	0.00013417
21.0000	0.00013421
21.1111	0.00013417
21.2222	0.00013423
21.3333	0.00013416
21.4444	0.00013413
21.5556	0.00013405
21.6667	0.00013414
21.7778	0.00013402
21.8889	0.00013417
22.0000	0.00013420
22.1111	0.00013428
22.2222	0.00013413
22.3333	0.00013429
22.4444	0.00013424
22.5556	0.00013419
22.6667	0.00013419
22.7778	0.00013417
22.8889	0.00013411
23.0000	0.00013413
23.1111	0.00013416
23.2222	0.00013421
23.3333	0.00013421
23.4444	0.00013424
23.5556	0.00013419
23.6667	0.00013419
23.7778	0.00013427
23.8889	0.00013409
24.0000	0.00013435
24.1111	0.00013423
24.2222	0.00013407
24.3333	0.00013416
24.4444	0.00013419
24.5556	0.00013416
24.6667	0.00013420
24.7778	0.00013416
24.8889	0.00013420
25.0000	0.00013420
25.1111	0.00013419
25.2222	0.00013425
25.3333	0.00013401
25.4444	0.00013421
25.5556	0.00013413
25.6667	0.00013412
25.7778	0.00013424
25.8889	0.00013416
26.0000	0.00013429
26.1111	0.00013421
26.2222	0.00013421
26.3333	0.00013416
26.4444	0.00013423
26.5556	0.00013418
26.6667	0.00013413
26.7778	0.00013415
26.8889	0.00013415
27.0000	0.00013420
27.1111	0.00013418
27.2222	0.00013429
27.3333	0.00013420
27.4444	0.00013428
27.5556	0.00013419
27.6667	0.00013432
27.7778	0.00013418
27.8889	0.00013416
28.0000	0.00013421
28.1111	0.00013421
28.2222	0.00013424
28.3333	0.00013421
28.4444	0.00013428
28.5556	0.00013424
28.6667	0.00013412
28.7778	0.00013428
28.8889	0.00013434
29.0000	0.00013411
29.1111	0.00013409
29.2222	0.00013418
29.3333	0.00013418
29.4444	0.00013424
29.5556	0.00013423
29.6667	0.00013422
29.7778	0.00013430
29.8889	0.00013424
30.0000	0.00013410
30.1111	0.00013420
30.2222	0.00013420
30.3333	0.00013419
30.4444	0.00013425
30.5556	0.00013418
30.6667	0.00013418
30.7778	0.00013428
30.8889	0.00013425
31.0000	0.00013417
31.1111	0.00013419
31.2222	0.00013429
31.3333	0.00013416
31.4444	0.00013422
31.5556	0.00013426
31.6667	0.00013410
31.7778	0.00013426
31.8889	0.00013423
32.0000	0.00013416
32.1111	0.00013416
32.2222	0.00013427
32.3333	0.00013422
32.4444	0.00013413
32.5556	0.00013424
