时间t	称重电压
0.0000	0.00030750
0.1111	0.00030750
0.2222	0.00030758
0.3333	0.00030746
0.4444	0.00030755
0.5556	0.00030760
0.6667	0.00030765
0.7778	0.00030771
0.8889	0.00030756
1.0000	0.00030754
1.1111	0.00030753
1.2222	0.00030749
1.3333	0.00030756
1.4444	0.00030757
1.5556	0.00030759
1.6667	0.00030760
1.7778	0.00030760
1.8889	0.00030749
2.0000	0.00030763
2.1111	0.00030762
2.2222	0.00030745
2.3333	0.00030679
2.4444	0.00030746
2.5556	0.00030753
2.6667	0.00030754
2.7778	0.00030753
2.8889	0.00030770
3.0000	0.00030757
3.1111	0.00030750
3.2222	0.00030754
3.3333	0.00030764
3.4444	0.00030767
3.5556	0.00030752
3.6667	0.00030762
3.7778	0.00030759
3.8889	0.00030755
4.0000	0.00030762
4.1111	0.00030754
4.2222	0.00030753
4.3333	0.00030748
4.4444	0.00030760
4.5556	0.00030744
4.6667	0.00030742
4.7778	0.00030752
4.8889	0.00030751
5.0000	0.00030746
5.1111	0.00030757
5.2222	0.00030770
5.3333	0.00030760
5.4444	0.00030761
5.5556	0.00030763
5.6667	0.00030749
5.7778	0.00030753
5.8889	0.00030761
6.0000	0.00030754
6.1111	0.00030756
6.2222	0.00030749
6.3333	0.00030755
6.4444	0.00030746
6.5556	0.00030752
6.6667	0.00030752
6.7778	0.00030746
6.8889	0.00030760
7.0000	0.00030748
7.1111	0.00030756
7.2222	0.00030756
7.3333	0.00030756
7.4444	0.00030755
7.5556	0.00030767
7.6667	0.00030755
7.7778	0.00030764
7.8889	0.00030757
8.0000	0.00030759
8.1111	0.00030762
8.2222	0.00030758
8.3333	0.00030759
8.4444	0.00030764
8.5556	0.00030779
8.6667	0.00030772
8.7778	0.00030756
8.8889	0.00030747
9.0000	0.00030758
9.1111	0.00030753
9.2222	0.00030759
9.3333	0.00030766
9.4444	0.00030757
9.5556	0.00030762
9.6667	0.00030755
9.7778	0.00030750
9.8889	0.00030737
10.0000	0.00030755
10.1111	0.00030766
10.2222	0.00030758
10.3333	0.00030754
10.4444	0.00030742
10.5556	0.00030739
10.6667	0.00030756
10.7778	0.00030756
10.8889	0.00030754
11.0000	0.00030828
11.1111	0.00030985
11.2222	0.00030757
11.3333	0.00030733
11.4444	0.00030742
11.5556	0.00030741
11.6667	0.00030750
11.7778	0.00030765
11.8889	0.00030757
12.0000	0.00030750
12.1111	0.00030749
12.2222	0.00030750
12.3333	0.00030757
12.4444	0.00030736
12.5556	0.00030768
12.6667	0.00030719
12.7778	0.00030724
12.8889	0.00030759
13.0000	0.00030762
13.1111	0.00030765
13.2222	0.00030766
13.3333	0.00030751
13.4444	0.00030753
13.5556	0.00030761
13.6667	0.00030755
13.7778	0.00030756
13.8889	0.00030734
14.0000	0.00030763
14.1111	0.00030775
14.2222	0.00030770
14.3333	0.00030756
14.4444	0.00030756
14.5556	0.00030762
14.6667	0.00030762
14.7778	0.00030752
14.8889	0.00030761
15.0000	0.00030761
15.1111	0.00030756
15.2222	0.00030757
15.3333	0.00030766
15.4444	0.00030755
15.5556	0.00030756
15.6667	0.00030755
15.7778	0.00030756
15.8889	0.00030750
16.0000	0.00030760
16.1111	0.00030766
16.2222	0.00030753
16.3333	0.00030746
16.4444	0.00030768
16.5556	0.00030756
16.6667	0.00030753
16.7778	0.00030764
16.8889	0.00030769
17.0000	0.00030757
17.1111	0.00030755
17.2222	0.00030762
17.3333	0.00030761
17.4444	0.00030753
17.5556	0.00030759
17.6667	0.00030761
17.7778	0.00030763
17.8889	0.00030747
18.0000	0.00030757
18.1111	0.00030751
18.2222	0.00030774
18.3333	0.00030762
18.4444	0.00030763
18.5556	0.00030766
18.6667	0.00030765
18.7778	0.00030757
18.8889	0.00030765
19.0000	0.00030746
19.1111	0.00030753
19.2222	0.00030759
19.3333	0.00030757
19.4444	0.00030753
19.5556	0.00030749
19.6667	0.00030756
19.7778	0.00030753
19.8889	0.00030752
20.0000	0.00030757
20.1111	0.00030750
20.2222	0.00030764
20.3333	0.00030765
20.4444	0.00030767
20.5556	0.00030757
20.6667	0.00030771
20.7778	0.00030757
20.8889	0.00030763
21.0000	0.00030758
21.1111	0.00030755
21.2222	0.00030754
21.3333	0.00030764
21.4444	0.00030762
21.5556	0.00030755
21.6667	0.00030759
21.7778	0.00030752
21.8889	0.00030760
22.0000	0.00030769
22.1111	0.00030759
22.2222	0.00030759
22.3333	0.00030763
22.4444	0.00030763
22.5556	0.00030761
22.6667	0.00030747
22.7778	0.00030755
22.8889	0.00030752
23.0000	0.00030754
23.1111	0.00030763
23.2222	0.00030756
23.3333	0.00030762
23.4444	0.00030754
23.5556	0.00030759
23.6667	0.00030761
23.7778	0.00030758
23.8889	0.00030766
24.0000	0.00030756
24.1111	0.00030760
24.2222	0.00030752
24.3333	0.00030747
24.4444	0.00030752
24.5556	0.00030753
24.6667	0.00030762
24.7778	0.00030764
24.8889	0.00030769
25.0000	0.00030762
25.1111	0.00030761
25.2222	0.00030769
25.3333	0.00030765
25.4444	0.00030752
25.5556	0.00030759
25.6667	0.00030760
25.7778	0.00030763
25.8889	0.00030754
26.0000	0.00030750
26.1111	0.00030753
26.2222	0.00030754
26.3333	0.00030759
26.4444	0.00030768
26.5556	0.00030762
26.6667	0.00030765
26.7778	0.00030746
26.8889	0.00030745
27.0000	0.00030755
27.1111	0.00030760
27.2222	0.00030757
27.3333	0.00030758
27.4444	0.00030762
27.5556	0.00030753
27.6667	0.00030757
27.7778	0.00030756
27.8889	0.00030747
28.0000	0.00030758
28.1111	0.00030755
28.2222	0.00030770
28.3333	0.00030753
