时间t	称重电压
0.0000	0.00015365
0.1111	0.00015373
0.2222	0.00015372
0.3333	0.00015380
0.4444	0.00015388
0.5556	0.00015365
0.6667	0.00015384
0.7778	0.00015381
0.8889	0.00015381
1.0000	0.00015371
1.1111	0.00015376
1.2222	0.00015369
1.3333	0.00015382
1.4444	0.00015377
1.5556	0.00015385
1.6667	0.00015373
1.7778	0.00015382
1.8889	0.00015375
2.0000	0.00015365
2.1111	0.00015370
2.2222	0.00015378
2.3333	0.00015375
2.4444	0.00015373
2.5556	0.00015380
2.6667	0.00015379
2.7778	0.00015366
2.8889	0.00015379
3.0000	0.00015381
3.1111	0.00015374
3.2222	0.00015384
3.3333	0.00015366
3.4444	0.00015379
3.5556	0.00015372
3.6667	0.00015375
3.7778	0.00015375
3.8889	0.00015380
4.0000	0.00015379
4.1111	0.00015378
4.2222	0.00015388
4.3333	0.00015372
4.4444	0.00015385
4.5556	0.00015367
4.6667	0.00015385
4.7778	0.00015381
4.8889	0.00015377
5.0000	0.00015364
5.1111	0.00015377
5.2222	0.00015365
5.3333	0.00015378
5.4444	0.00015374
5.5556	0.00015385
5.6667	0.00015378
5.7778	0.00015377
5.8889	0.00015377
6.0000	0.00015374
6.1111	0.00015372
6.2222	0.00015377
6.3333	0.00015401
6.4444	0.00015379
6.5556	0.00015375
6.6667	0.00015385
6.7778	0.00015381
6.8889	0.00015380
7.0000	0.00015382
7.1111	0.00015378
7.2222	0.00015372
7.3333	0.00015371
7.4444	0.00015381
7.5556	0.00015379
7.6667	0.00015368
7.7778	0.00015376
7.8889	0.00015374
8.0000	0.00015369
8.1111	0.00015374
8.2222	0.00015382
8.3333	0.00015386
8.4444	0.00015378
8.5556	0.00015382
8.6667	0.00015371
8.7778	0.00015381
8.8889	0.00015375
9.0000	0.00015375
9.1111	0.00015374
9.2222	0.00015383
9.3333	0.00015377
9.4444	0.00015379
9.5556	0.00015388
9.6667	0.00015372
9.7778	0.00015366
9.8889	0.00015385
10.0000	0.00015377
10.1111	0.00015373
10.2222	0.00015379
10.3333	0.00015377
10.4444	0.00015383
10.5556	0.00015372
10.6667	0.00015382
10.7778	0.00015369
10.8889	0.00015374
11.0000	0.00015374
11.1111	0.00015371
11.2222	0.00015378
11.3333	0.00015377
11.4444	0.00015376
11.5556	0.00015373
11.6667	0.00015379
11.7778	0.00015371
11.8889	0.00015385
12.0000	0.00015373
12.1111	0.00015383
12.2222	0.00015379
12.3333	0.00015385
12.4444	0.00015365
12.5556	0.00015377
12.6667	0.00015375
12.7778	0.00015377
12.8889	0.00015380
13.0000	0.00015375
13.1111	0.00015383
13.2222	0.00015369
13.3333	0.00015379
13.4444	0.00015387
13.5556	0.00015377
13.6667	0.00015379
13.7778	0.00015374
13.8889	0.00015366
14.0000	0.00015381
14.1111	0.00015366
14.2222	0.00015374
14.3333	0.00015374
14.4444	0.00015379
14.5556	0.00015374
14.6667	0.00015377
14.7778	0.00015378
14.8889	0.00015373
15.0000	0.00015374
15.1111	0.00015373
15.2222	0.00015366
15.3333	0.00015381
15.4444	0.00015379
15.5556	0.00015378
15.6667	0.00015374
15.7778	0.00015375
15.8889	0.00015377
16.0000	0.00015372
16.1111	0.00015372
16.2222	0.00015388
16.3333	0.00015376
16.4444	0.00015379
16.5556	0.00015375
16.6667	0.00015380
16.7778	0.00015371
16.8889	0.00015378
17.0000	0.00015373
17.1111	0.00015380
17.2222	0.00015377
17.3333	0.00015375
17.4444	0.00015383
17.5556	0.00015368
17.6667	0.00015372
17.7778	0.00015387
17.8889	0.00015369
18.0000	0.00015369
18.1111	0.00015368
18.2222	0.00015393
18.3333	0.00015388
18.4444	0.00015381
18.5556	0.00015380
18.6667	0.00015393
18.7778	0.00015391
18.8889	0.00015363
19.0000	0.00015371
19.1111	0.00015382
19.2222	0.00015371
19.3333	0.00015381
19.4444	0.00015372
19.5556	0.00015381
19.6667	0.00015379
19.7778	0.00015374
19.8889	0.00015378
20.0000	0.00015371
20.1111	0.00015373
20.2222	0.00015378
20.3333	0.00015386
20.4444	0.00015373
20.5556	0.00015377
20.6667	0.00015373
20.7778	0.00015375
20.8889	0.00015369
21.0000	0.00015383
21.1111	0.00015384
21.2222	0.00015384
21.3333	0.00015382
21.4444	0.00015385
21.5556	0.00015371
21.6667	0.00015381
21.7778	0.00015384
21.8889	0.00015370
22.0000	0.00015362
22.1111	0.00015377
22.2222	0.00015375
22.3333	0.00015376
22.4444	0.00015377
22.5556	0.00015380
22.6667	0.00015378
22.7778	0.00015382
22.8889	0.00015381
23.0000	0.00015379
23.1111	0.00015378
23.2222	0.00015388
23.3333	0.00015371
23.4444	0.00015380
23.5556	0.00015374
23.6667	0.00015378
23.7778	0.00015384
23.8889	0.00015379
24.0000	0.00015376
24.1111	0.00015385
24.2222	0.00015366
24.3333	0.00015377
24.4444	0.00015372
24.5556	0.00015382
24.6667	0.00015374
24.7778	0.00015384
24.8889	0.00015375
25.0000	0.00015371
25.1111	0.00015383
25.2222	0.00015381
25.3333	0.00015385
25.4444	0.00015380
25.5556	0.00015378
25.6667	0.00015379
25.7778	0.00015370
25.8889	0.00015391
26.0000	0.00015387
26.1111	0.00015372
26.2222	0.00015381
26.3333	0.00015371
26.4444	0.00015372
26.5556	0.00015386
26.6667	0.00015376
26.7778	0.00015374
26.8889	0.00015383
27.0000	0.00015376
27.1111	0.00015382
27.2222	0.00015375
27.3333	0.00015372
27.4444	0.00015378
27.5556	0.00015379
27.6667	0.00015384
27.7778	0.00015384
27.8889	0.00015378
28.0000	0.00015385
28.1111	0.00015381
28.2222	0.00015377
28.3333	0.00015379
28.4444	0.00015382
28.5556	0.00015381
28.6667	0.00015380
28.7778	0.00015376
28.8889	0.00015392
29.0000	0.00015384
29.1111	0.00015388
29.2222	0.00015387
29.3333	0.00015377
29.4444	0.00015388
29.5556	0.00015379
29.6667	0.00015384
29.7778	0.00015380
29.8889	0.00015376
30.0000	0.00015371
30.1111	0.00015381
30.2222	0.00015383
30.3333	0.00015381
30.4444	0.00015381
30.5556	0.00015383
30.6667	0.00015379
30.7778	0.00015378
30.8889	0.00015378
