时间t	称重电压
0.0000	0.00014399
0.1111	0.00014383
0.2222	0.00014380
0.3333	0.00014392
0.4444	0.00014396
0.5556	0.00014394
0.6667	0.00014392
0.7778	0.00014391
0.8889	0.00014394
1.0000	0.00014395
1.1111	0.00014402
1.2222	0.00014400
1.3333	0.00014384
1.4444	0.00014392
1.5556	0.00014388
1.6667	0.00014395
1.7778	0.00014389
1.8889	0.00014389
2.0000	0.00014385
2.1111	0.00014387
2.2222	0.00014386
2.3333	0.00014391
2.4444	0.00014390
2.5556	0.00014392
2.6667	0.00014386
2.7778	0.00014393
2.8889	0.00014379
3.0000	0.00014393
3.1111	0.00014389
3.2222	0.00014395
3.3333	0.00014401
3.4444	0.00014392
3.5556	0.00014404
3.6667	0.00014393
3.7778	0.00014402
3.8889	0.00014397
4.0000	0.00014395
4.1111	0.00014396
4.2222	0.00014394
4.3333	0.00014398
4.4444	0.00014390
4.5556	0.00014394
4.6667	0.00014391
4.7778	0.00014396
4.8889	0.00014403
5.0000	0.00014397
5.1111	0.00014399
5.2222	0.00014398
5.3333	0.00014393
5.4444	0.00014396
5.5556	0.00014402
5.6667	0.00014400
5.7778	0.00014398
5.8889	0.00014385
6.0000	0.00014399
6.1111	0.00014397
6.2222	0.00014393
6.3333	0.00014392
6.4444	0.00014396
6.5556	0.00014400
6.6667	0.00014406
6.7778	0.00014404
6.8889	0.00014396
7.0000	0.00014396
7.1111	0.00014396
7.2222	0.00014402
7.3333	0.00014403
7.4444	0.00014393
7.5556	0.00014407
7.6667	0.00014402
7.7778	0.00014395
7.8889	0.00014394
8.0000	0.00014397
8.1111	0.00014402
8.2222	0.00014396
8.3333	0.00014397
8.4444	0.00014404
8.5556	0.00014389
8.6667	0.00014386
8.7778	0.00014401
8.8889	0.00014392
9.0000	0.00014396
9.1111	0.00014391
9.2222	0.00014407
9.3333	0.00014392
9.4444	0.00014397
9.5556	0.00014399
9.6667	0.00014398
9.7778	0.00014400
9.8889	0.00014393
10.0000	0.00014403
10.1111	0.00014402
10.2222	0.00014396
10.3333	0.00014387
10.4444	0.00014397
10.5556	0.00014406
10.6667	0.00014397
10.7778	0.00014394
10.8889	0.00014404
11.0000	0.00014395
11.1111	0.00014395
11.2222	0.00014395
11.3333	0.00014398
11.4444	0.00014397
11.5556	0.00014402
11.6667	0.00014397
11.7778	0.00014404
11.8889	0.00014403
12.0000	0.00014405
12.1111	0.00014392
12.2222	0.00014390
12.3333	0.00014398
12.4444	0.00014403
12.5556	0.00014400
12.6667	0.00014389
12.7778	0.00014395
12.8889	0.00014396
13.0000	0.00014400
13.1111	0.00014394
13.2222	0.00014397
13.3333	0.00014398
13.4444	0.00014393
13.5556	0.00014398
13.6667	0.00014402
13.7778	0.00014390
13.8889	0.00014398
14.0000	0.00014400
14.1111	0.00014400
14.2222	0.00014394
14.3333	0.00014397
14.4444	0.00014405
14.5556	0.00014398
14.6667	0.00014394
14.7778	0.00014396
14.8889	0.00014400
15.0000	0.00014403
15.1111	0.00014407
15.2222	0.00014394
15.3333	0.00014403
15.4444	0.00014393
15.5556	0.00014395
15.6667	0.00014395
15.7778	0.00014394
15.8889	0.00014398
16.0000	0.00014403
16.1111	0.00014398
16.2222	0.00014398
16.3333	0.00014390
16.4444	0.00014406
16.5556	0.00014387
16.6667	0.00014396
16.7778	0.00014406
16.8889	0.00014395
17.0000	0.00014396
17.1111	0.00014398
17.2222	0.00014402
17.3333	0.00014401
17.4444	0.00014395
17.5556	0.00014398
17.6667	0.00014398
17.7778	0.00014397
17.8889	0.00014395
18.0000	0.00014399
18.1111	0.00014405
18.2222	0.00014392
18.3333	0.00014394
18.4444	0.00014407
18.5556	0.00014391
18.6667	0.00014403
18.7778	0.00014407
18.8889	0.00014397
19.0000	0.00014397
19.1111	0.00014393
19.2222	0.00014397
19.3333	0.00014392
19.4444	0.00014398
19.5556	0.00014391
19.6667	0.00014397
19.7778	0.00014389
19.8889	0.00014402
20.0000	0.00014400
20.1111	0.00014404
20.2222	0.00014393
20.3333	0.00014399
20.4444	0.00014402
20.5556	0.00014402
20.6667	0.00014395
20.7778	0.00014402
20.8889	0.00014392
21.0000	0.00014389
21.1111	0.00014394
21.2222	0.00014403
21.3333	0.00014392
21.4444	0.00014393
21.5556	0.00014397
21.6667	0.00014401
21.7778	0.00014397
21.8889	0.00014392
22.0000	0.00014403
22.1111	0.00014392
22.2222	0.00014394
22.3333	0.00014406
22.4444	0.00014386
22.5556	0.00014391
22.6667	0.00014395
22.7778	0.00014397
22.8889	0.00014405
23.0000	0.00014390
23.1111	0.00014391
23.2222	0.00014400
23.3333	0.00014400
23.4444	0.00014397
23.5556	0.00014399
23.6667	0.00014400
23.7778	0.00014393
23.8889	0.00014397
24.0000	0.00014396
24.1111	0.00014398
24.2222	0.00014399
24.3333	0.00014394
24.4444	0.00014406
24.5556	0.00014396
24.6667	0.00014391
24.7778	0.00014388
24.8889	0.00014409
25.0000	0.00014397
25.1111	0.00014386
25.2222	0.00014393
25.3333	0.00014400
25.4444	0.00014396
25.5556	0.00014386
25.6667	0.00014402
25.7778	0.00014395
25.8889	0.00014397
26.0000	0.00014404
26.1111	0.00014390
26.2222	0.00014394
26.3333	0.00014402
26.4444	0.00014391
26.5556	0.00014400
26.6667	0.00014407
26.7778	0.00014408
26.8889	0.00014396
27.0000	0.00014403
27.1111	0.00014393
27.2222	0.00014402
27.3333	0.00014402
27.4444	0.00014401
27.5556	0.00014399
27.6667	0.00014401
27.7778	0.00014403
27.8889	0.00014400
28.0000	0.00014398
28.1111	0.00014398
28.2222	0.00014384
28.3333	0.00014406
28.4444	0.00014407
28.5556	0.00014402
28.6667	0.00014400
28.7778	0.00014402
28.8889	0.00014393
29.0000	0.00014400
29.1111	0.00014392
29.2222	0.00014401
29.3333	0.00014396
29.4444	0.00014404
29.5556	0.00014404
29.6667	0.00014399
29.7778	0.00014395
29.8889	0.00014401
30.0000	0.00014396
30.1111	0.00014389
30.2222	0.00014399
30.3333	0.00014403
30.4444	0.00014399
30.5556	0.00014406
30.6667	0.00014402
30.7778	0.00014394
30.8889	0.00014403
31.0000	0.00014409
31.1111	0.00014396
31.2222	0.00014393
31.3333	0.00014408
31.4444	0.00014402
31.5556	0.00014400
31.6667	0.00014410
31.7778	0.00014397
31.8889	0.00014400
32.0000	0.00014406
