时间t	称重电压
0.0000	0.00020808
0.1111	0.00020797
0.2222	0.00020813
0.3333	0.00020809
0.4444	0.00020802
0.5556	0.00020808
0.6667	0.00020801
0.7778	0.00020793
0.8889	0.00020798
1.0000	0.00020813
1.1111	0.00020810
1.2222	0.00020804
1.3333	0.00020802
1.4444	0.00020797
1.5556	0.00020803
1.6667	0.00020809
1.7778	0.00020805
1.8889	0.00020798
2.0000	0.00020805
2.1111	0.00020806
2.2222	0.00020806
2.3333	0.00020805
2.4444	0.00020802
2.5556	0.00020799
2.6667	0.00020808
2.7778	0.00020808
2.8889	0.00020805
3.0000	0.00020806
3.1111	0.00020805
3.2222	0.00020807
3.3333	0.00020801
3.4444	0.00020812
3.5556	0.00020808
3.6667	0.00020798
3.7778	0.00020792
3.8889	0.00020808
4.0000	0.00020806
4.1111	0.00020801
4.2222	0.00020810
4.3333	0.00020802
4.4444	0.00020806
4.5556	0.00020810
4.6667	0.00020799
4.7778	0.00020813
4.8889	0.00020813
5.0000	0.00020799
5.1111	0.00020798
5.2222	0.00020802
5.3333	0.00020804
5.4444	0.00020809
5.5556	0.00020809
5.6667	0.00020820
5.7778	0.00020808
5.8889	0.00020807
6.0000	0.00020816
6.1111	0.00020800
6.2222	0.00020810
6.3333	0.00020807
6.4444	0.00020811
6.5556	0.00020805
6.6667	0.00020807
6.7778	0.00020806
6.8889	0.00020812
7.0000	0.00020805
7.1111	0.00020806
7.2222	0.00020808
7.3333	0.00020801
7.4444	0.00020811
7.5556	0.00020802
7.6667	0.00020803
7.7778	0.00020800
7.8889	0.00020815
8.0000	0.00020810
8.1111	0.00020808
8.2222	0.00020803
8.3333	0.00020808
8.4444	0.00020813
8.5556	0.00020801
8.6667	0.00020808
8.7778	0.00020807
8.8889	0.00020811
9.0000	0.00020805
9.1111	0.00020805
9.2222	0.00020804
9.3333	0.00020808
9.4444	0.00020804
9.5556	0.00020805
9.6667	0.00020802
9.7778	0.00020808
9.8889	0.00020812
10.0000	0.00020814
10.1111	0.00020811
10.2222	0.00020810
10.3333	0.00020808
10.4444	0.00020803
10.5556	0.00020808
10.6667	0.00020806
10.7778	0.00020813
10.8889	0.00020799
11.0000	0.00020797
11.1111	0.00020806
11.2222	0.00020803
11.3333	0.00020809
11.4444	0.00020808
11.5556	0.00020806
11.6667	0.00020820
11.7778	0.00020801
11.8889	0.00020798
12.0000	0.00020810
12.1111	0.00020799
12.2222	0.00020814
12.3333	0.00020805
12.4444	0.00020809
12.5556	0.00020804
12.6667	0.00020809
12.7778	0.00020805
12.8889	0.00020817
13.0000	0.00020802
13.1111	0.00020806
13.2222	0.00020811
13.3333	0.00020810
13.4444	0.00020802
13.5556	0.00020806
13.6667	0.00020788
13.7778	0.00020806
13.8889	0.00020815
14.0000	0.00020809
14.1111	0.00020801
14.2222	0.00020814
14.3333	0.00020806
14.4444	0.00020809
14.5556	0.00020798
14.6667	0.00020810
14.7778	0.00020805
14.8889	0.00020808
15.0000	0.00020803
15.1111	0.00020814
15.2222	0.00020804
15.3333	0.00020804
15.4444	0.00020813
15.5556	0.00020818
15.6667	0.00020805
15.7778	0.00020804
15.8889	0.00020793
16.0000	0.00020802
16.1111	0.00020807
16.2222	0.00020814
16.3333	0.00020801
16.4444	0.00020798
16.5556	0.00020809
16.6667	0.00020800
16.7778	0.00020802
16.8889	0.00020799
17.0000	0.00020802
17.1111	0.00020803
17.2222	0.00020816
17.3333	0.00020812
17.4444	0.00020814
17.5556	0.00020829
17.6667	0.00020801
17.7778	0.00020804
17.8889	0.00020815
18.0000	0.00020804
18.1111	0.00020806
18.2222	0.00020816
18.3333	0.00020811
18.4444	0.00020814
18.5556	0.00020811
18.6667	0.00020809
18.7778	0.00020789
18.8889	0.00020810
19.0000	0.00020811
19.1111	0.00020809
19.2222	0.00020805
19.3333	0.00020805
19.4444	0.00020811
19.5556	0.00020813
19.6667	0.00020807
19.7778	0.00020803
19.8889	0.00020812
20.0000	0.00020823
20.1111	0.00020798
20.2222	0.00020809
20.3333	0.00020803
20.4444	0.00020805
20.5556	0.00020801
20.6667	0.00020801
20.7778	0.00020811
20.8889	0.00020803
21.0000	0.00020812
21.1111	0.00020809
21.2222	0.00020805
21.3333	0.00020806
21.4444	0.00020805
21.5556	0.00020808
21.6667	0.00020811
21.7778	0.00020802
21.8889	0.00020827
22.0000	0.00020800
22.1111	0.00020806
22.2222	0.00020797
22.3333	0.00020819
22.4444	0.00020811
22.5556	0.00020798
22.6667	0.00020807
22.7778	0.00020805
22.8889	0.00020810
23.0000	0.00020819
23.1111	0.00020809
23.2222	0.00020805
23.3333	0.00020809
23.4444	0.00020810
23.5556	0.00020811
23.6667	0.00020816
23.7778	0.00020815
23.8889	0.00020813
24.0000	0.00020821
24.1111	0.00020824
24.2222	0.00020805
24.3333	0.00020820
24.4444	0.00020815
24.5556	0.00020810
24.6667	0.00020812
24.7778	0.00020813
24.8889	0.00020718
25.0000	0.00020850
25.1111	0.00020855
25.2222	0.00020807
25.3333	0.00020809
25.4444	0.00020801
25.5556	0.00020795
25.6667	0.00020802
25.7778	0.00020807
25.8889	0.00020817
26.0000	0.00020809
26.1111	0.00020803
26.2222	0.00020812
26.3333	0.00020814
26.4444	0.00020811
26.5556	0.00020811
26.6667	0.00020814
26.7778	0.00020808
26.8889	0.00020807
27.0000	0.00020811
27.1111	0.00020809
27.2222	0.00020812
27.3333	0.00020812
27.4444	0.00020806
27.5556	0.00020811
27.6667	0.00020802
27.7778	0.00020815
27.8889	0.00020811
28.0000	0.00020815
28.1111	0.00020816
28.2222	0.00020798
